101 000
105 0100
115 0010
110 0101
10 110011
71 01101010010
39 11010110
89 01101010001
76 101001110000
118 0110100
109 110010
108 10010
102 101000
67 01101011100
83 1010011101
72 1010011011
33 0110000010
95 1010011100010000
62 10100111001111111001
96 10100111001111111010011
50 011010111101011
52 011010111101000
122 011010111100
36 1010011100111111010
34 1101011101
49 0110000001100
48 101001110001011
38 1010011100111111101001001
56 1010011100010100
81 01100000001
125 1010011100111111101001011
41 1010011100011
40 1010011100110
86 10100111001110
92 1010011100111111101000110
35 10100111001111111011
93 10100111001111111110
61 1010011100111111101000111
60 10100111001111111000
37 101001110011111110101
70 01101011101
47 101001110001001
64 101001110011111100
124 101001110011111110100000
53 011010111101001
74 011000000111
57 1010011100010001
43 1010011100111111101001000
126 1010011100111111101001010
123 101001110011111110100001
51 011010111101010
42 101001110011110
91 10100111001111111111
90 1010011100111111011
88 1010011100111111110
55 1010011100111110
54 1010011100010101
120 1010011010
75 01101010011
94 101001110011111110100010
113 0110000011
106 10100111110
68 01101011111
66 1010011001
87 0110101100
85 0110000001101
111 0111
117 110100
44 100110
98 1101010
46 1010010
116 1011
97 1000
100 11000
84 011010101
45 01100001
58 0110101111011
103 100111
121 011011
112 011001
65 1010011000
69 01100000010
59 1010011110
119 101010
114 11011
99 101011
73 110101111
78 10100111111
77 1101011100
82 101001110010
79 01100000000
107 0110001
63 0110101101
80 01101010000
104 0011
32 111
